{
 "cells": [
  {
   "cell_type": "code",
   "execution_count": 4,
   "metadata": {},
   "outputs": [],
   "source": [
    "import pandas as pd\n",
    "import numpy as np\n",
    "from nba_api.stats.endpoints import playercareerstats\n",
    "import requests\n",
    "from bs4 import BeautifulSoup\n",
    "\n",
    "# Nikola Jokić\n",
    "career = playercareerstats.PlayerCareerStats(player_id='203999') \n",
    "\n",
    "# pandas data frames (optional: pip install pandas)\n",
    "df = career.get_data_frames()[0]"
   ]
  },
  {
   "cell_type": "code",
   "execution_count": 5,
   "metadata": {},
   "outputs": [
    {
     "name": "stdout",
     "output_type": "stream",
     "text": [
      "<class 'pandas.core.frame.DataFrame'>\n",
      "RangeIndex: 10 entries, 0 to 9\n",
      "Data columns (total 27 columns):\n",
      " #   Column             Non-Null Count  Dtype  \n",
      "---  ------             --------------  -----  \n",
      " 0   PLAYER_ID          10 non-null     int64  \n",
      " 1   SEASON_ID          10 non-null     object \n",
      " 2   LEAGUE_ID          10 non-null     object \n",
      " 3   TEAM_ID            10 non-null     int64  \n",
      " 4   TEAM_ABBREVIATION  10 non-null     object \n",
      " 5   PLAYER_AGE         10 non-null     float64\n",
      " 6   GP                 10 non-null     int64  \n",
      " 7   GS                 10 non-null     int64  \n",
      " 8   MIN                10 non-null     float64\n",
      " 9   FGM                10 non-null     int64  \n",
      " 10  FGA                10 non-null     int64  \n",
      " 11  FG_PCT             10 non-null     float64\n",
      " 12  FG3M               10 non-null     int64  \n",
      " 13  FG3A               10 non-null     int64  \n",
      " 14  FG3_PCT            10 non-null     float64\n",
      " 15  FTM                10 non-null     int64  \n",
      " 16  FTA                10 non-null     int64  \n",
      " 17  FT_PCT             10 non-null     float64\n",
      " 18  OREB               10 non-null     int64  \n",
      " 19  DREB               10 non-null     int64  \n",
      " 20  REB                10 non-null     int64  \n",
      " 21  AST                10 non-null     int64  \n",
      " 22  STL                10 non-null     int64  \n",
      " 23  BLK                10 non-null     int64  \n",
      " 24  TOV                10 non-null     int64  \n",
      " 25  PF                 10 non-null     int64  \n",
      " 26  PTS                10 non-null     int64  \n",
      "dtypes: float64(5), int64(19), object(3)\n",
      "memory usage: 2.2+ KB\n"
     ]
    }
   ],
   "source": [
    "df.info()"
   ]
  },
  {
   "cell_type": "code",
   "execution_count": 7,
   "metadata": {},
   "outputs": [
    {
     "data": {
      "text/html": [
       "<div>\n",
       "<style scoped>\n",
       "    .dataframe tbody tr th:only-of-type {\n",
       "        vertical-align: middle;\n",
       "    }\n",
       "\n",
       "    .dataframe tbody tr th {\n",
       "        vertical-align: top;\n",
       "    }\n",
       "\n",
       "    .dataframe thead th {\n",
       "        text-align: right;\n",
       "    }\n",
       "</style>\n",
       "<table border=\"1\" class=\"dataframe\">\n",
       "  <thead>\n",
       "    <tr style=\"text-align: right;\">\n",
       "      <th></th>\n",
       "      <th>PLAYER_ID</th>\n",
       "      <th>SEASON_ID</th>\n",
       "      <th>LEAGUE_ID</th>\n",
       "      <th>TEAM_ID</th>\n",
       "      <th>TEAM_ABBREVIATION</th>\n",
       "      <th>PLAYER_AGE</th>\n",
       "      <th>GP</th>\n",
       "      <th>GS</th>\n",
       "      <th>MIN</th>\n",
       "      <th>FGM</th>\n",
       "      <th>...</th>\n",
       "      <th>FT_PCT</th>\n",
       "      <th>OREB</th>\n",
       "      <th>DREB</th>\n",
       "      <th>REB</th>\n",
       "      <th>AST</th>\n",
       "      <th>STL</th>\n",
       "      <th>BLK</th>\n",
       "      <th>TOV</th>\n",
       "      <th>PF</th>\n",
       "      <th>PTS</th>\n",
       "    </tr>\n",
       "  </thead>\n",
       "  <tbody>\n",
       "    <tr>\n",
       "      <th>8</th>\n",
       "      <td>203999</td>\n",
       "      <td>2023-24</td>\n",
       "      <td>00</td>\n",
       "      <td>1610612743</td>\n",
       "      <td>DEN</td>\n",
       "      <td>29.0</td>\n",
       "      <td>79</td>\n",
       "      <td>79</td>\n",
       "      <td>2737.0</td>\n",
       "      <td>822</td>\n",
       "      <td>...</td>\n",
       "      <td>0.817</td>\n",
       "      <td>223</td>\n",
       "      <td>753</td>\n",
       "      <td>976</td>\n",
       "      <td>708</td>\n",
       "      <td>108</td>\n",
       "      <td>68</td>\n",
       "      <td>237</td>\n",
       "      <td>194</td>\n",
       "      <td>2085</td>\n",
       "    </tr>\n",
       "    <tr>\n",
       "      <th>6</th>\n",
       "      <td>203999</td>\n",
       "      <td>2021-22</td>\n",
       "      <td>00</td>\n",
       "      <td>1610612743</td>\n",
       "      <td>DEN</td>\n",
       "      <td>27.0</td>\n",
       "      <td>74</td>\n",
       "      <td>74</td>\n",
       "      <td>2476.0</td>\n",
       "      <td>764</td>\n",
       "      <td>...</td>\n",
       "      <td>0.810</td>\n",
       "      <td>206</td>\n",
       "      <td>813</td>\n",
       "      <td>1019</td>\n",
       "      <td>584</td>\n",
       "      <td>109</td>\n",
       "      <td>63</td>\n",
       "      <td>281</td>\n",
       "      <td>191</td>\n",
       "      <td>2004</td>\n",
       "    </tr>\n",
       "    <tr>\n",
       "      <th>5</th>\n",
       "      <td>203999</td>\n",
       "      <td>2020-21</td>\n",
       "      <td>00</td>\n",
       "      <td>1610612743</td>\n",
       "      <td>DEN</td>\n",
       "      <td>26.0</td>\n",
       "      <td>72</td>\n",
       "      <td>72</td>\n",
       "      <td>2488.0</td>\n",
       "      <td>732</td>\n",
       "      <td>...</td>\n",
       "      <td>0.868</td>\n",
       "      <td>205</td>\n",
       "      <td>575</td>\n",
       "      <td>780</td>\n",
       "      <td>599</td>\n",
       "      <td>95</td>\n",
       "      <td>48</td>\n",
       "      <td>222</td>\n",
       "      <td>192</td>\n",
       "      <td>1898</td>\n",
       "    </tr>\n",
       "    <tr>\n",
       "      <th>7</th>\n",
       "      <td>203999</td>\n",
       "      <td>2022-23</td>\n",
       "      <td>00</td>\n",
       "      <td>1610612743</td>\n",
       "      <td>DEN</td>\n",
       "      <td>28.0</td>\n",
       "      <td>69</td>\n",
       "      <td>69</td>\n",
       "      <td>2323.0</td>\n",
       "      <td>646</td>\n",
       "      <td>...</td>\n",
       "      <td>0.822</td>\n",
       "      <td>167</td>\n",
       "      <td>650</td>\n",
       "      <td>817</td>\n",
       "      <td>678</td>\n",
       "      <td>87</td>\n",
       "      <td>47</td>\n",
       "      <td>247</td>\n",
       "      <td>174</td>\n",
       "      <td>1690</td>\n",
       "    </tr>\n",
       "    <tr>\n",
       "      <th>3</th>\n",
       "      <td>203999</td>\n",
       "      <td>2018-19</td>\n",
       "      <td>00</td>\n",
       "      <td>1610612743</td>\n",
       "      <td>DEN</td>\n",
       "      <td>24.0</td>\n",
       "      <td>80</td>\n",
       "      <td>80</td>\n",
       "      <td>2504.0</td>\n",
       "      <td>616</td>\n",
       "      <td>...</td>\n",
       "      <td>0.821</td>\n",
       "      <td>228</td>\n",
       "      <td>637</td>\n",
       "      <td>865</td>\n",
       "      <td>580</td>\n",
       "      <td>108</td>\n",
       "      <td>55</td>\n",
       "      <td>248</td>\n",
       "      <td>228</td>\n",
       "      <td>1604</td>\n",
       "    </tr>\n",
       "    <tr>\n",
       "      <th>4</th>\n",
       "      <td>203999</td>\n",
       "      <td>2019-20</td>\n",
       "      <td>00</td>\n",
       "      <td>1610612743</td>\n",
       "      <td>DEN</td>\n",
       "      <td>25.0</td>\n",
       "      <td>73</td>\n",
       "      <td>73</td>\n",
       "      <td>2335.0</td>\n",
       "      <td>565</td>\n",
       "      <td>...</td>\n",
       "      <td>0.817</td>\n",
       "      <td>166</td>\n",
       "      <td>545</td>\n",
       "      <td>711</td>\n",
       "      <td>512</td>\n",
       "      <td>85</td>\n",
       "      <td>44</td>\n",
       "      <td>226</td>\n",
       "      <td>222</td>\n",
       "      <td>1456</td>\n",
       "    </tr>\n",
       "    <tr>\n",
       "      <th>2</th>\n",
       "      <td>203999</td>\n",
       "      <td>2017-18</td>\n",
       "      <td>00</td>\n",
       "      <td>1610612743</td>\n",
       "      <td>DEN</td>\n",
       "      <td>23.0</td>\n",
       "      <td>75</td>\n",
       "      <td>73</td>\n",
       "      <td>2443.0</td>\n",
       "      <td>504</td>\n",
       "      <td>...</td>\n",
       "      <td>0.850</td>\n",
       "      <td>195</td>\n",
       "      <td>608</td>\n",
       "      <td>803</td>\n",
       "      <td>458</td>\n",
       "      <td>90</td>\n",
       "      <td>61</td>\n",
       "      <td>210</td>\n",
       "      <td>212</td>\n",
       "      <td>1385</td>\n",
       "    </tr>\n",
       "    <tr>\n",
       "      <th>1</th>\n",
       "      <td>203999</td>\n",
       "      <td>2016-17</td>\n",
       "      <td>00</td>\n",
       "      <td>1610612743</td>\n",
       "      <td>DEN</td>\n",
       "      <td>22.0</td>\n",
       "      <td>73</td>\n",
       "      <td>59</td>\n",
       "      <td>2038.0</td>\n",
       "      <td>494</td>\n",
       "      <td>...</td>\n",
       "      <td>0.825</td>\n",
       "      <td>212</td>\n",
       "      <td>506</td>\n",
       "      <td>718</td>\n",
       "      <td>359</td>\n",
       "      <td>61</td>\n",
       "      <td>55</td>\n",
       "      <td>171</td>\n",
       "      <td>214</td>\n",
       "      <td>1221</td>\n",
       "    </tr>\n",
       "    <tr>\n",
       "      <th>0</th>\n",
       "      <td>203999</td>\n",
       "      <td>2015-16</td>\n",
       "      <td>00</td>\n",
       "      <td>1610612743</td>\n",
       "      <td>DEN</td>\n",
       "      <td>21.0</td>\n",
       "      <td>80</td>\n",
       "      <td>55</td>\n",
       "      <td>1733.0</td>\n",
       "      <td>307</td>\n",
       "      <td>...</td>\n",
       "      <td>0.811</td>\n",
       "      <td>181</td>\n",
       "      <td>379</td>\n",
       "      <td>560</td>\n",
       "      <td>189</td>\n",
       "      <td>79</td>\n",
       "      <td>50</td>\n",
       "      <td>104</td>\n",
       "      <td>208</td>\n",
       "      <td>796</td>\n",
       "    </tr>\n",
       "    <tr>\n",
       "      <th>9</th>\n",
       "      <td>203999</td>\n",
       "      <td>2024-25</td>\n",
       "      <td>00</td>\n",
       "      <td>1610612743</td>\n",
       "      <td>DEN</td>\n",
       "      <td>29.0</td>\n",
       "      <td>10</td>\n",
       "      <td>10</td>\n",
       "      <td>381.0</td>\n",
       "      <td>108</td>\n",
       "      <td>...</td>\n",
       "      <td>0.843</td>\n",
       "      <td>45</td>\n",
       "      <td>92</td>\n",
       "      <td>137</td>\n",
       "      <td>117</td>\n",
       "      <td>17</td>\n",
       "      <td>10</td>\n",
       "      <td>41</td>\n",
       "      <td>20</td>\n",
       "      <td>297</td>\n",
       "    </tr>\n",
       "  </tbody>\n",
       "</table>\n",
       "<p>10 rows × 27 columns</p>\n",
       "</div>"
      ],
      "text/plain": [
       "   PLAYER_ID SEASON_ID LEAGUE_ID     TEAM_ID TEAM_ABBREVIATION  PLAYER_AGE  \\\n",
       "8     203999   2023-24        00  1610612743               DEN        29.0   \n",
       "6     203999   2021-22        00  1610612743               DEN        27.0   \n",
       "5     203999   2020-21        00  1610612743               DEN        26.0   \n",
       "7     203999   2022-23        00  1610612743               DEN        28.0   \n",
       "3     203999   2018-19        00  1610612743               DEN        24.0   \n",
       "4     203999   2019-20        00  1610612743               DEN        25.0   \n",
       "2     203999   2017-18        00  1610612743               DEN        23.0   \n",
       "1     203999   2016-17        00  1610612743               DEN        22.0   \n",
       "0     203999   2015-16        00  1610612743               DEN        21.0   \n",
       "9     203999   2024-25        00  1610612743               DEN        29.0   \n",
       "\n",
       "   GP  GS     MIN  FGM  ...  FT_PCT  OREB  DREB   REB  AST  STL  BLK  TOV  \\\n",
       "8  79  79  2737.0  822  ...   0.817   223   753   976  708  108   68  237   \n",
       "6  74  74  2476.0  764  ...   0.810   206   813  1019  584  109   63  281   \n",
       "5  72  72  2488.0  732  ...   0.868   205   575   780  599   95   48  222   \n",
       "7  69  69  2323.0  646  ...   0.822   167   650   817  678   87   47  247   \n",
       "3  80  80  2504.0  616  ...   0.821   228   637   865  580  108   55  248   \n",
       "4  73  73  2335.0  565  ...   0.817   166   545   711  512   85   44  226   \n",
       "2  75  73  2443.0  504  ...   0.850   195   608   803  458   90   61  210   \n",
       "1  73  59  2038.0  494  ...   0.825   212   506   718  359   61   55  171   \n",
       "0  80  55  1733.0  307  ...   0.811   181   379   560  189   79   50  104   \n",
       "9  10  10   381.0  108  ...   0.843    45    92   137  117   17   10   41   \n",
       "\n",
       "    PF   PTS  \n",
       "8  194  2085  \n",
       "6  191  2004  \n",
       "5  192  1898  \n",
       "7  174  1690  \n",
       "3  228  1604  \n",
       "4  222  1456  \n",
       "2  212  1385  \n",
       "1  214  1221  \n",
       "0  208   796  \n",
       "9   20   297  \n",
       "\n",
       "[10 rows x 27 columns]"
      ]
     },
     "execution_count": 7,
     "metadata": {},
     "output_type": "execute_result"
    }
   ],
   "source": [
    "max_pts = df.sort_values(by='PTS', ascending=False)\n",
    "max_pts"
   ]
  },
  {
   "cell_type": "code",
   "execution_count": 9,
   "metadata": {},
   "outputs": [
    {
     "data": {
      "text/html": [
       "<div>\n",
       "<style scoped>\n",
       "    .dataframe tbody tr th:only-of-type {\n",
       "        vertical-align: middle;\n",
       "    }\n",
       "\n",
       "    .dataframe tbody tr th {\n",
       "        vertical-align: top;\n",
       "    }\n",
       "\n",
       "    .dataframe thead th {\n",
       "        text-align: right;\n",
       "    }\n",
       "</style>\n",
       "<table border=\"1\" class=\"dataframe\">\n",
       "  <thead>\n",
       "    <tr style=\"text-align: right;\">\n",
       "      <th></th>\n",
       "      <th>PLAYER_ID</th>\n",
       "      <th>SEASON_ID</th>\n",
       "      <th>LEAGUE_ID</th>\n",
       "      <th>TEAM_ID</th>\n",
       "      <th>TEAM_ABBREVIATION</th>\n",
       "      <th>PLAYER_AGE</th>\n",
       "      <th>GP</th>\n",
       "      <th>GS</th>\n",
       "      <th>MIN</th>\n",
       "      <th>FGM</th>\n",
       "      <th>...</th>\n",
       "      <th>FT_PCT</th>\n",
       "      <th>OREB</th>\n",
       "      <th>DREB</th>\n",
       "      <th>REB</th>\n",
       "      <th>AST</th>\n",
       "      <th>STL</th>\n",
       "      <th>BLK</th>\n",
       "      <th>TOV</th>\n",
       "      <th>PF</th>\n",
       "      <th>PTS</th>\n",
       "    </tr>\n",
       "  </thead>\n",
       "  <tbody>\n",
       "    <tr>\n",
       "      <th>9</th>\n",
       "      <td>203999</td>\n",
       "      <td>2024-25</td>\n",
       "      <td>00</td>\n",
       "      <td>1610612743</td>\n",
       "      <td>DEN</td>\n",
       "      <td>29.0</td>\n",
       "      <td>10</td>\n",
       "      <td>10</td>\n",
       "      <td>381.0</td>\n",
       "      <td>108</td>\n",
       "      <td>...</td>\n",
       "      <td>0.843</td>\n",
       "      <td>45</td>\n",
       "      <td>92</td>\n",
       "      <td>137</td>\n",
       "      <td>117</td>\n",
       "      <td>17</td>\n",
       "      <td>10</td>\n",
       "      <td>41</td>\n",
       "      <td>20</td>\n",
       "      <td>297</td>\n",
       "    </tr>\n",
       "    <tr>\n",
       "      <th>2</th>\n",
       "      <td>203999</td>\n",
       "      <td>2017-18</td>\n",
       "      <td>00</td>\n",
       "      <td>1610612743</td>\n",
       "      <td>DEN</td>\n",
       "      <td>23.0</td>\n",
       "      <td>75</td>\n",
       "      <td>73</td>\n",
       "      <td>2443.0</td>\n",
       "      <td>504</td>\n",
       "      <td>...</td>\n",
       "      <td>0.850</td>\n",
       "      <td>195</td>\n",
       "      <td>608</td>\n",
       "      <td>803</td>\n",
       "      <td>458</td>\n",
       "      <td>90</td>\n",
       "      <td>61</td>\n",
       "      <td>210</td>\n",
       "      <td>212</td>\n",
       "      <td>1385</td>\n",
       "    </tr>\n",
       "    <tr>\n",
       "      <th>5</th>\n",
       "      <td>203999</td>\n",
       "      <td>2020-21</td>\n",
       "      <td>00</td>\n",
       "      <td>1610612743</td>\n",
       "      <td>DEN</td>\n",
       "      <td>26.0</td>\n",
       "      <td>72</td>\n",
       "      <td>72</td>\n",
       "      <td>2488.0</td>\n",
       "      <td>732</td>\n",
       "      <td>...</td>\n",
       "      <td>0.868</td>\n",
       "      <td>205</td>\n",
       "      <td>575</td>\n",
       "      <td>780</td>\n",
       "      <td>599</td>\n",
       "      <td>95</td>\n",
       "      <td>48</td>\n",
       "      <td>222</td>\n",
       "      <td>192</td>\n",
       "      <td>1898</td>\n",
       "    </tr>\n",
       "    <tr>\n",
       "      <th>7</th>\n",
       "      <td>203999</td>\n",
       "      <td>2022-23</td>\n",
       "      <td>00</td>\n",
       "      <td>1610612743</td>\n",
       "      <td>DEN</td>\n",
       "      <td>28.0</td>\n",
       "      <td>69</td>\n",
       "      <td>69</td>\n",
       "      <td>2323.0</td>\n",
       "      <td>646</td>\n",
       "      <td>...</td>\n",
       "      <td>0.822</td>\n",
       "      <td>167</td>\n",
       "      <td>650</td>\n",
       "      <td>817</td>\n",
       "      <td>678</td>\n",
       "      <td>87</td>\n",
       "      <td>47</td>\n",
       "      <td>247</td>\n",
       "      <td>174</td>\n",
       "      <td>1690</td>\n",
       "    </tr>\n",
       "    <tr>\n",
       "      <th>8</th>\n",
       "      <td>203999</td>\n",
       "      <td>2023-24</td>\n",
       "      <td>00</td>\n",
       "      <td>1610612743</td>\n",
       "      <td>DEN</td>\n",
       "      <td>29.0</td>\n",
       "      <td>79</td>\n",
       "      <td>79</td>\n",
       "      <td>2737.0</td>\n",
       "      <td>822</td>\n",
       "      <td>...</td>\n",
       "      <td>0.817</td>\n",
       "      <td>223</td>\n",
       "      <td>753</td>\n",
       "      <td>976</td>\n",
       "      <td>708</td>\n",
       "      <td>108</td>\n",
       "      <td>68</td>\n",
       "      <td>237</td>\n",
       "      <td>194</td>\n",
       "      <td>2085</td>\n",
       "    </tr>\n",
       "    <tr>\n",
       "      <th>6</th>\n",
       "      <td>203999</td>\n",
       "      <td>2021-22</td>\n",
       "      <td>00</td>\n",
       "      <td>1610612743</td>\n",
       "      <td>DEN</td>\n",
       "      <td>27.0</td>\n",
       "      <td>74</td>\n",
       "      <td>74</td>\n",
       "      <td>2476.0</td>\n",
       "      <td>764</td>\n",
       "      <td>...</td>\n",
       "      <td>0.810</td>\n",
       "      <td>206</td>\n",
       "      <td>813</td>\n",
       "      <td>1019</td>\n",
       "      <td>584</td>\n",
       "      <td>109</td>\n",
       "      <td>63</td>\n",
       "      <td>281</td>\n",
       "      <td>191</td>\n",
       "      <td>2004</td>\n",
       "    </tr>\n",
       "    <tr>\n",
       "      <th>0</th>\n",
       "      <td>203999</td>\n",
       "      <td>2015-16</td>\n",
       "      <td>00</td>\n",
       "      <td>1610612743</td>\n",
       "      <td>DEN</td>\n",
       "      <td>21.0</td>\n",
       "      <td>80</td>\n",
       "      <td>55</td>\n",
       "      <td>1733.0</td>\n",
       "      <td>307</td>\n",
       "      <td>...</td>\n",
       "      <td>0.811</td>\n",
       "      <td>181</td>\n",
       "      <td>379</td>\n",
       "      <td>560</td>\n",
       "      <td>189</td>\n",
       "      <td>79</td>\n",
       "      <td>50</td>\n",
       "      <td>104</td>\n",
       "      <td>208</td>\n",
       "      <td>796</td>\n",
       "    </tr>\n",
       "    <tr>\n",
       "      <th>1</th>\n",
       "      <td>203999</td>\n",
       "      <td>2016-17</td>\n",
       "      <td>00</td>\n",
       "      <td>1610612743</td>\n",
       "      <td>DEN</td>\n",
       "      <td>22.0</td>\n",
       "      <td>73</td>\n",
       "      <td>59</td>\n",
       "      <td>2038.0</td>\n",
       "      <td>494</td>\n",
       "      <td>...</td>\n",
       "      <td>0.825</td>\n",
       "      <td>212</td>\n",
       "      <td>506</td>\n",
       "      <td>718</td>\n",
       "      <td>359</td>\n",
       "      <td>61</td>\n",
       "      <td>55</td>\n",
       "      <td>171</td>\n",
       "      <td>214</td>\n",
       "      <td>1221</td>\n",
       "    </tr>\n",
       "    <tr>\n",
       "      <th>4</th>\n",
       "      <td>203999</td>\n",
       "      <td>2019-20</td>\n",
       "      <td>00</td>\n",
       "      <td>1610612743</td>\n",
       "      <td>DEN</td>\n",
       "      <td>25.0</td>\n",
       "      <td>73</td>\n",
       "      <td>73</td>\n",
       "      <td>2335.0</td>\n",
       "      <td>565</td>\n",
       "      <td>...</td>\n",
       "      <td>0.817</td>\n",
       "      <td>166</td>\n",
       "      <td>545</td>\n",
       "      <td>711</td>\n",
       "      <td>512</td>\n",
       "      <td>85</td>\n",
       "      <td>44</td>\n",
       "      <td>226</td>\n",
       "      <td>222</td>\n",
       "      <td>1456</td>\n",
       "    </tr>\n",
       "    <tr>\n",
       "      <th>3</th>\n",
       "      <td>203999</td>\n",
       "      <td>2018-19</td>\n",
       "      <td>00</td>\n",
       "      <td>1610612743</td>\n",
       "      <td>DEN</td>\n",
       "      <td>24.0</td>\n",
       "      <td>80</td>\n",
       "      <td>80</td>\n",
       "      <td>2504.0</td>\n",
       "      <td>616</td>\n",
       "      <td>...</td>\n",
       "      <td>0.821</td>\n",
       "      <td>228</td>\n",
       "      <td>637</td>\n",
       "      <td>865</td>\n",
       "      <td>580</td>\n",
       "      <td>108</td>\n",
       "      <td>55</td>\n",
       "      <td>248</td>\n",
       "      <td>228</td>\n",
       "      <td>1604</td>\n",
       "    </tr>\n",
       "  </tbody>\n",
       "</table>\n",
       "<p>10 rows × 27 columns</p>\n",
       "</div>"
      ],
      "text/plain": [
       "   PLAYER_ID SEASON_ID LEAGUE_ID     TEAM_ID TEAM_ABBREVIATION  PLAYER_AGE  \\\n",
       "9     203999   2024-25        00  1610612743               DEN        29.0   \n",
       "2     203999   2017-18        00  1610612743               DEN        23.0   \n",
       "5     203999   2020-21        00  1610612743               DEN        26.0   \n",
       "7     203999   2022-23        00  1610612743               DEN        28.0   \n",
       "8     203999   2023-24        00  1610612743               DEN        29.0   \n",
       "6     203999   2021-22        00  1610612743               DEN        27.0   \n",
       "0     203999   2015-16        00  1610612743               DEN        21.0   \n",
       "1     203999   2016-17        00  1610612743               DEN        22.0   \n",
       "4     203999   2019-20        00  1610612743               DEN        25.0   \n",
       "3     203999   2018-19        00  1610612743               DEN        24.0   \n",
       "\n",
       "   GP  GS     MIN  FGM  ...  FT_PCT  OREB  DREB   REB  AST  STL  BLK  TOV  \\\n",
       "9  10  10   381.0  108  ...   0.843    45    92   137  117   17   10   41   \n",
       "2  75  73  2443.0  504  ...   0.850   195   608   803  458   90   61  210   \n",
       "5  72  72  2488.0  732  ...   0.868   205   575   780  599   95   48  222   \n",
       "7  69  69  2323.0  646  ...   0.822   167   650   817  678   87   47  247   \n",
       "8  79  79  2737.0  822  ...   0.817   223   753   976  708  108   68  237   \n",
       "6  74  74  2476.0  764  ...   0.810   206   813  1019  584  109   63  281   \n",
       "0  80  55  1733.0  307  ...   0.811   181   379   560  189   79   50  104   \n",
       "1  73  59  2038.0  494  ...   0.825   212   506   718  359   61   55  171   \n",
       "4  73  73  2335.0  565  ...   0.817   166   545   711  512   85   44  226   \n",
       "3  80  80  2504.0  616  ...   0.821   228   637   865  580  108   55  248   \n",
       "\n",
       "    PF   PTS  \n",
       "9   20   297  \n",
       "2  212  1385  \n",
       "5  192  1898  \n",
       "7  174  1690  \n",
       "8  194  2085  \n",
       "6  191  2004  \n",
       "0  208   796  \n",
       "1  214  1221  \n",
       "4  222  1456  \n",
       "3  228  1604  \n",
       "\n",
       "[10 rows x 27 columns]"
      ]
     },
     "execution_count": 9,
     "metadata": {},
     "output_type": "execute_result"
    }
   ],
   "source": [
    "max_3pct = df.sort_values(by='FG3_PCT', ascending=False)\n",
    "max_3pct"
   ]
  },
  {
   "cell_type": "code",
   "execution_count": null,
   "metadata": {},
   "outputs": [
    {
     "name": "stdout",
     "output_type": "stream",
     "text": [
      "<nba_api.live.nba.endpoints.scoreboard.ScoreBoard object at 0x11f46b7a0>\n"
     ]
    }
   ],
   "source": [
    "from nba_api.live.nba.endpoints import scoreboard\n",
    "\n",
    "# Today's Score Board\n",
    "games = scoreboard.ScoreBoard()"
   ]
  },
  {
   "cell_type": "code",
   "execution_count": 12,
   "metadata": {},
   "outputs": [
    {
     "name": "stdout",
     "output_type": "stream",
     "text": [
      "ScoreBoardDate: 2024-11-12\n",
      "0022400001: Hawks vs. Celtics @ 2024-11-12 16:00:00-08:00\n",
      "0022400002: Heat vs. Pistons @ 2024-11-12 16:00:00-08:00\n",
      "0022400003: Hornets vs. Magic @ 2024-11-12 16:00:00-08:00\n",
      "0022400004: Knicks vs. 76ers @ 2024-11-12 16:30:00-08:00\n",
      "0022400005: Raptors vs. Bucks @ 2024-11-12 17:00:00-08:00\n",
      "0022400006: Suns vs. Jazz @ 2024-11-12 18:00:00-08:00\n",
      "0022400007: Mavericks vs. Warriors @ 2024-11-12 19:00:00-08:00\n",
      "0022400008: Timberwolves vs. Trail Blazers @ 2024-11-12 19:00:00-08:00\n"
     ]
    }
   ],
   "source": [
    "# Query nba.live.endpoints.scoreboard and  list games in localTimeZone\n",
    "from datetime import datetime, timezone\n",
    "from dateutil import parser\n",
    "from nba_api.live.nba.endpoints import scoreboard\n",
    "\n",
    "f = \"{gameId}: {awayTeam} vs. {homeTeam} @ {gameTimeLTZ}\" \n",
    "\n",
    "board = scoreboard.ScoreBoard()\n",
    "print(\"ScoreBoardDate: \" + board.score_board_date)\n",
    "games = board.games.get_dict()\n",
    "for game in games:\n",
    "    gameTimeLTZ = parser.parse(game[\"gameTimeUTC\"]).replace(tzinfo=timezone.utc).astimezone(tz=None)\n",
    "    print(f.format(gameId=game['gameId'], awayTeam=game['awayTeam']['teamName'], homeTeam=game['homeTeam']['teamName'], gameTimeLTZ=gameTimeLTZ))"
   ]
  },
  {
   "cell_type": "code",
   "execution_count": null,
   "metadata": {},
   "outputs": [],
   "source": []
  }
 ],
 "metadata": {
  "kernelspec": {
   "display_name": "Python 3",
   "language": "python",
   "name": "python3"
  },
  "language_info": {
   "codemirror_mode": {
    "name": "ipython",
    "version": 3
   },
   "file_extension": ".py",
   "mimetype": "text/x-python",
   "name": "python",
   "nbconvert_exporter": "python",
   "pygments_lexer": "ipython3",
   "version": "3.12.6"
  }
 },
 "nbformat": 4,
 "nbformat_minor": 2
}
